0.02	0.428	0.0465	1.0096465	5850.25253586
0.02	0.398	0.065	1.0096465	5850.25253586 
0.02	0.314	0.048	1.0096465	5850.25253586
0.10	0.370	0.130	1.05111248	26595.74657765
0.15	0.490	0.145	1.07934154	37678.12898018 
0.17	0.510	0.060	1.09112389	41756.37947775
0.18	0.360	0.090	1.09711922 	43724.58822083  
0.38	0.440	0.060	1.23113365	74822.44884394
0.25	0.3512	0.0583	1.14100501	56283.84926246 
0.37	0.4602	0.0378	1.22381503	73585.84642465
0.32	0.384	0.095	1.18817414	66955.35651153  
0.73	0.437	0.072	1.52427022	104062.98960485
0.60	0.550	0.120	1.40737565	95883.45888146
0.86	0.400	0.110	1.64975388	110005.33505278
1.40	0.482	0.116	2.25012189	120303.3750588 
1.52	0.426	0.077	2.39866263	120719.58518969

       
       
      
     
   

     
      
